S
-16.0
21.4
3.1
-15.4
-43.5
-9.4
42.6
-49.5
-33.3
-27.9
-6.0
-5.1
28.5
-16.3
26.5
44.0
6.4
44.7
39.5
42.5
-48.1
42.0
-32.1
15.6
-46.4
14.9
-41.0
9.5
-15.3
-8.2
-26.3
44.2
30.7
44.0
42.3
-31.3
-37.9
12.6
-50.0
-25.0
-43.9
-35.6
-15.6
-17.1
-30.8
40.9
30.0
36.5
-38.0
44.2
-24.6
-23.5
4.1
28.9
33.4
-34.0
-43.3
-5.5
18.6
23.8
6.3
-39.9
-33.3
-25.6
-23.0
-32.6
44.6
46.4
36.5
22.0
16.5
41.9
47.3
40.0
4.6
-4.0
-20.5
-32.6
-43.0
10.3
27.0
-21.8
-38.8
-12.3
46.7
-48.4
-28.7
-19.2
44.1
-34.6
6.1
9.3
19.1
-18.6
-5.4
-31.3
6.7
35.0
-23.9
-23.2
4.8
-8.2
-4.8
36.0
-15.5
-40.9
-45.1
-11.0
13.1
11.1
39.1
-16.7
-20.0
-45.7
-36.1
1.9
-41.2
-9.0
22.9
39.3
36.3
-16.6
18.5
30.8
-35.1
27.0
-31.4
36.8
41.8
25.0
22.8
1.7
-22.7
-6.9
-37.7
-14.1
42.2
-48.5
-37.9
10.8
-12.8
-7.6
17.8
-42.7
